192738004,
1442563420,
557621985,
231893706,
684315563,
208275467,
181166728,
222739771,
22599212,
350938846,
456525324,
343364593,
27480670,
280230712,
222497358,
267631766,
1146802916,
1434141131,
592561548,
205672145,
205672145,
552812682,
291482574,
1414341169,
1393716167,
213369348,
1443870920,
190126391,
26749020,
397225171,
890794203,
563931050,
1442563420,
1217187021,
607879404,
403470983,
645026544,
645177378,
563931050,
189546600,
363231091,
937566617,
963459717,
2201741,
904867119,
563931050,
229059324,
220812691,
36124146,
563931050,
302386943,
1447548999,
1326664747,
344930282,
1194819434,
1103203551,
178684070,
189511479,
1446443915,
1426160915,
1012653129,
1428006296,
1426109404,
334673048,
563931050,
235030844,
225392621,
1174724139,
315601644,
1442563420,
1392161965,
1138058514,
1246068175,
304883280,
1360040134,
1446393772,
222739771,
321345728,
1185378294,
1434058245,
1419391406,
1428676725,
199809291,
37802413,
213724742,
182137040,
1206490368,
655103145,
1226916004,
596204701,
442287951,
41508690,
1416945795,
831200259,
617432439,
634814134,
1182873091,
505647774,
1442563420,
279477862,
839725704,
1113838145,
1447575423,
39786552,
1447550366,
237201330,
1447616417,
436866848,
1206490368,
1442563420,
280230712,
336178611,
1447616417,
291482574,
767118750,
349150599,
33606173,
495823590,
196890553,
1260182469,
1447616417,
179248931,
533761529,
199425750,
684315563,
283287501,
937566617,
1397009215,
637792594,
487293490,
536533053,
239891735,
478046021,
752480136,
1262390483,
44728965,
35069135,
1447444927,
402984592,
257021686,
144823934,
508980905,
1416603698,
1116372027,
7962607,
16177754,
22148436,
259052008,
398373144,
305868161,
1447290604,
201483220,
38575219,
579553532,
1444063403,
212863085,
540900335,
1206490368,
448039182,
257942674,
584385481,
1403686481,
10276535,
317563524,
1428006296,
192685655,
1278877424,
800655402,
1386685632,
391863127,
472861444,
1237381174,
144823934,
217011075,
309108824,
35665126,
1440752530,
1316355393,
657150454,
11061926,
1070005788,
723995274,
486166200,
11819620,
604142064,
1447575423,
1443870920,
488328158,
48950215,
189812323,
25122702,
309960901,
411706632,
187820105,
684315563,
1195377686,
937566617,
1444063403,
188334818,
1206490368,
